        0.0000000000000000E+00        5.1377725036581690E-01        3.8002022133007434E+00        0.0000000000000000E+00        4.5355701720797201E+00        4.3889285569720959E+00
        0.0000000000000000E+00        2.0971821496411853E+00        2.9494075227702621E+00        0.0000000000000000E+00        4.2101176018635327E+00        4.1717593351868469E+00
        0.0000000000000000E+00        1.4808987266800850E+00        2.3325825303496757E+00        0.0000000000000000E+00        3.6074744136990433E+00        3.7616863571306771E+00
        0.0000000000000000E+00        1.7650465366978934E+00        2.2804652653263329E+00        0.0000000000000000E+00        3.6781844092528408E+00        3.8130375361267315E+00
       -7.1251446728474503E+00        7.4719072071642689E-01        2.3228126119207242E+00        0.0000000000000000E+00        3.5785331802789333E+00        3.7167324341439225E+00
       -6.9066581282232802E+00       -4.8163756831206918E-02        2.2772070342197130E+00        0.0000000000000000E+00        3.5528006059145487E+00        3.7199440989106303E+00
       -6.0405683292483401E+00        1.4423959376355988E+00        2.2772070342197130E+00        0.0000000000000000E+00        3.8258712117090270E+00        3.9028386967478399E+00
       -5.0648463592787003E+00        4.3170648152598046E-01        2.4302292522964817E+00        0.0000000000000000E+00        3.7713167120166964E+00        3.8964270018140885E+00
       -3.8853939379322400E+00        1.7221816951882178E+00        2.6869104102022057E+00        0.0000000000000000E+00        3.7648965784757142E+00        3.9380956723850953E+00
       -2.8436570775629701E+00        1.4295089370237324E+00        2.6804202752050990E+00        0.0000000000000000E+00        3.5688842408507067E+00        3.8002022133007434E+00
       -2.1472390846339500E+00        1.0450691771007072E+00        2.8004196409597344E+00        0.0000000000000000E+00        3.6685450807852611E+00        3.9124554684050081E+00
       -1.6575537425328499E+00        1.2315718178496562E+00        2.7744860308558836E+00        0.0000000000000000E+00        3.5367143837291346E+00        3.8290793732723176E+00
       -1.2487832474558900E+00        1.1570597518690025E+00        2.8652242573162163E+00        0.0000000000000000E+00        3.5753169705817842E+00        3.8194545797969153E+00
       -8.1905170140487404E-01        6.1259362859850330E-01        2.8976108236517186E+00        0.0000000000000000E+00        3.6878228086434444E+00        3.8868086885382116E+00
       -2.9950917597182097E-01        1.9259035502227801E+00        3.2402651107500637E+00        0.0000000000000000E+00        3.8387032404703771E+00        3.9541174620532686E+00
        3.0347848782878400E-01        1.4967276583981395E+00        3.4369220079541489E+00        0.0000000000000000E+00        3.9284813662902325E+00        4.0373894138273165E+00
        7.0001679200117894E-01        1.8630681095924646E+00        3.4691239789930259E+00        0.0000000000000000E+00        3.9989648216158411E+00        4.0949986328954173E+00
        1.0621696319756200E+00        8.8192667000524905E-01        3.4175958467138141E+00        0.0000000000000000E+00        3.9925592872319462E+00        4.1141943331175215E+00
        1.3822378500041199E+00        1.3192547760821622E+00        3.4369220079541489E+00        0.0000000000000000E+00        3.9733402218600000E+00        4.1077961757846504E+00
        1.5360933575408400E+00        1.3149179925592636E+00        3.6171196304827666E+00        0.0000000000000000E+00        3.9861533425130595E+00        4.0885992472342574E+00
        1.8582545462932101E+00        1.2876534458455953E+00        3.8162461094348856E+00        0.0000000000000000E+00        4.0501943309329951E+00        4.1173932582789394E+00
        2.2084642663145400E+00        2.0151176119829208E+00        3.8002022133007434E+00        0.0000000000000000E+00        4.0661981718889715E+00        4.1205920811124095E+00
        2.5672463963987902E+00        1.5047039687566344E+00        3.7937839340392103E+00        0.0000000000000000E+00        4.1141943331175215E+00        4.1589699759163139E+00
        3.0326157333066699E+00        1.2042384624678715E+00        4.0821994520255203E+00        0.0000000000000000E+00        4.4080679235174882E+00        4.3761669438868864E+00
        3.7043775574737801E+00        3.0961481174012624E+00        4.5068963367578148E+00        0.0000000000000000E+00        4.8027969010581470E+00        4.6597285376782258E+00
        4.2412884752780000E+00        3.2287170817309101E+00        4.4845887791835137E+00        0.0000000000000000E+00        4.7805552614398898E+00        4.6692727991982350E+00
        4.3763580347097104E+00        3.0477609142630335E+00        4.9202777445563504E+00        0.0000000000000000E+00        5.2497568957754046E+00        5.0122609403210516E+00
        4.3591956038784501E+00        3.0687017522611213E+00        5.0788166832105093E+00        0.0000000000000000E+00        5.0788166832105093E+00        4.8821909697283470E+00
        3.8038818604402400E+00        1.1639086968053949E+00        4.4144468984183849E+00        0.0000000000000000E+00        4.5546814955970367E+00        4.4814015789792636E+00
        3.5420334244076899E+00        1.9032549785667190E+00        3.5946126773469089E+00        0.0000000000000000E+00        4.6470014384851277E+00        4.7074407385928847E+00
        3.5231732651233201E+00        3.6930691923496415E+00        4.2101176018635327E+00        0.0000000000000000E+00        5.1769847484749993E+00        5.1136615447379725E+00
        3.5845406518591298E+00        3.4235170631174427E+00        4.6438194105784740E+00        0.0000000000000000E+00        5.5434706888100527E+00        5.4898454647437340E+00
        3.9372128630485599E+00        4.2439019375872276E+00        4.9266241302918043E+00        0.0000000000000000E+00        5.4772235846979482E+00        5.4582877770291747E+00
        4.3340912861809802E+00        4.0733764490923621E+00        5.3730322420967713E+00        0.0000000000000000E+00        5.6947280441750108E+00        5.5844588185910853E+00
        4.4511645288101800E+00        4.1154560710591763E+00        5.0661428135442952E+00        0.0000000000000000E+00        5.3793499601391153E+00        5.3161548114232344E+00
        4.3644321224157903E+00        4.4025764167238881E+00        5.4361914686010735E+00        0.0000000000000000E+00        5.6159767210204450E+00        5.6096739351870220E+00
        4.2371103127444503E+00        3.8663455954853099E+00        5.9149023853132974E+00        0.0000000000000000E+00        6.1408628128643423E+00        5.9934187443037068E+00
        4.2374405550423297E+00        5.0574688809744135E+00        6.0122535007632010E+00        0.0000000000000000E+00        6.3256449635014773E+00        6.1596698216650543E+00
        3.9876596423730502E+00        4.8553257294304704E+00        6.7876693236153338E+00        0.0000000000000000E+00        6.9557156692548698E+00        6.6318186593157371E+00
        3.4263143809978400E+00        4.6008158708521982E+00        7.0955388933648793E+00        0.0000000000000000E+00        7.3869848566455483E+00        7.0427397617710312E+00
        2.7001705884392799E+00        4.6067266937972562E+00        6.9619341880057073E+00        0.0000000000000000E+00        7.4488851990739180E+00        7.1079581680952169E+00
        2.1259004534637098E+00        4.4007392350497732E+00        6.4632266743314544E+00        0.0000000000000000E+00        7.4860070209442648E+00        7.4303191192483329E+00
        1.6667354921249899E+00        3.8778689068733012E+00        6.1345930238406901E+00        0.0000000000000000E+00        7.2165610800185300E+00        7.1948499312584042E+00
        1.5172730222823201E+00        5.1564874166356658E+00        5.2149594324756725E+00        0.0000000000000000E+00        6.3099986943224371E+00        6.6286991671688060E+00
        1.5262526297275401E+00        3.7730842448926909E+00        3.7681066967688484E+00        0.0000000000000000E+00        5.3382776565113259E+00        5.8426128468612211E+00
        1.7820902648965100E+00        4.5290129612638363E+00        4.1621674690819450E+00        0.0000000000000000E+00        5.9714403772079052E+00        6.0593248775286535E+00
        1.7472560317584100E+00        3.9144267028340325E+00        4.8885397729810665E+00        0.0000000000000000E+00        6.3099986943224371E+00        6.2818292392151180E+00
        1.2221928530251500E+00        2.4679114715112234E+00        4.1429809763139556E+00        0.0000000000000000E+00        5.6380333436107692E+00        5.7230633454271667E+00
        1.6508957260592800E+00        4.1930425571427499E+00        3.3789323156074391E+00        0.0000000000000000E+00        5.5592373423705013E+00        5.8583324098897380E+00
        1.7375558730154801E+00        2.3027039963919074E+00        3.7006725629095740E+00        0.0000000000000000E+00        5.8048758106575447E+00        5.9620195981024864E+00
        2.0906697677799002E+00        3.5087944291348165E+00        4.1333863492977212E+00        0.0000000000000000E+00        5.9023340449460973E+00        6.1001021557398909E+00
        2.1748734916192198E+00        3.2333348308060867E+00        4.7487729067355433E+00        0.0000000000000000E+00        5.9714403772079052E+00        6.1784732940950207E+00
        2.5069158175665498E+00        4.8015189681824779E+00        5.5434706888100527E+00        0.0000000000000000E+00        6.3725690880544903E+00        6.3944594798235528E+00
        3.2714988190349499E+00        7.6222144924918798E+00        6.3944594798235528E+00        0.0000000000000000E+00        6.5038396179222149E+00        6.5850160562367224E+00
        3.2026842842972201E+00        7.2131586190039689E+00        7.9950395720611453E+00        0.0000000000000000E+00        7.0800126306603790E+00        6.9588249769677573E+00
        2.9211911379169400E+00        8.0990787729696905E+00        7.2320661579626080E+00        0.0000000000000000E+00        6.6068599969704707E+00        6.5350691238129714E+00
        2.6375320181575699E+00        1.1730290929737972E+01        7.3405344416274980E+00        0.0000000000000000E+00        6.7907838607175073E+00        6.8156966660282192E+00
        2.6689960267166302E+00        1.1164824561751608E+01        7.8379787326051717E+00        0.0000000000000000E+00        7.7578134645374668E+00        7.2723681131529068E+00
        2.7352299786983800E+00        1.0651471914419236E+01        7.8718754711390755E+00        0.0000000000000000E+00        8.1211255424823232E+00        7.6621477318020368E+00
        2.0091567995231099E+00        1.0038521467497151E+01        7.1017487235280186E+00        0.0000000000000000E+00        7.3746001888484320E+00        7.3900807839534215E+00
        7.9862425132546400E-01        7.4567857755826097E+00        5.5907631938296083E+00        0.0000000000000000E+00        7.0209908374803049E+00        7.2692685393440577E+00
       -2.9451701785251300E-01        4.8856005381458534E+00        5.2529197011840649E+00        0.0000000000000000E+00        7.4550731264296246E+00        7.7423896964803633E+00
       -2.4937939269841500E-01        7.4134808279192219E+00        6.1377279674903340E+00        0.0000000000000000E+00        7.8872792820723490E+00        7.9704188844040775E+00
        2.2999544091294399E-01        6.6485056566710705E+00        5.4740678657460160E+00        0.0000000000000000E+00        7.5509370688310460E+00        7.7547289012342713E+00
        6.4740479801400896E-01        4.3898058252870484E+00        4.7996198268255412E+00        0.0000000000000000E+00        7.2010535976272161E+00        7.4674478325461449E+00
        5.6011465780636605E-01        3.3349841293835336E+00        5.0281115640763003E+00        6.8219238977143855E+00        7.2165610800185300E+00        7.4860070209442648E+00
        1.0477288282800099E+00        6.0185625598031907E+00        5.0217716160617512E+00        6.4225972299271277E+00        7.0551655950944649E+00        7.4457910918009729E+00
        1.3227923210324699E+00        6.2815443780373332E+00        4.5674203491174463E+00        5.5655433078158989E+00        6.2567830601918573E+00        6.9432774715336816E+00
        1.7034431327596200E+00        7.1461623798162401E+00        4.5260131404864579E+00        5.8520448812008174E+00        6.5600457083948873E+00        7.0955388933648793E+00
        1.9816079050239099E+00        6.7941376550022037E+00        4.7265192467114217E+00        5.9337519345507221E+00        6.6068599969704707E+00        7.1110627457952855E+00
        2.6980763006570201E+00        5.9617720022266090E+00        5.3509170852259746E+00        6.3256449635014773E+00        6.7378235329948186E+00        7.0986438566489580E+00
        2.6774879892543599E+00        5.6541090775459732E+00        5.9306105897407511E+00        6.8997315921519293E+00        7.1203759006332152E+00        7.3219482325410983E+00
        2.5906453776157199E+00        6.5030246371747662E+00        6.1972732314839325E+00        7.2754675908911564E+00        7.5292984035431347E+00        7.7053629442291465E+00
        3.2082986279063999E+00        8.1361967663545318E+00        6.2755682825388943E+00        7.6930176462288387E+00        7.8564692870663295E+00        7.9919623175873440E+00
        3.7132422754439198E+00        6.9670658704339239E+00        7.0582718121882255E+00        8.1364910101605616E+00        8.0965358823104747E+00        8.1487816846267922E+00
        4.0756467218370700E+00        7.4852225841993203E+00        8.2224940255669487E+00        8.9200645458302006E+00        8.4739353453332829E+00        8.4524955069687966E+00
        3.1921074539221799E+00        7.4593710970321343E+00        8.9688346263530789E+00        9.3399264258549763E+00        8.7797179277237056E+00        8.7155811002979888E+00
        3.7460819470840101E+00        1.0782442756219428E+01        8.9627396668826727E+00        9.1606359425163379E+00        8.7216911421536736E+00        8.7216911421536736E+00
        3.1068960817082099E+00        9.8107797162833528E+00        9.2336064535073277E+00        9.1241307096942741E+00        8.7308555050077601E+00        8.7125259393671488E+00
        2.8014098384946902E+00        9.5655479588018366E+00        1.1192889653585821E+01        1.0942225561249753E+01        1.0129225148187235E+01        9.9362563854190338E+00
        2.7930300564792101E+00        1.1832466394538736E+01        1.2533959797313866E+01        1.2457473458163063E+01        1.1573649848259675E+01        1.1320963060122521E+01
        1.6041762825228700E+00        9.6718047217868328E+00        9.1819245091159036E+00        9.7368665728273847E+00        9.8335900720861797E+00        9.9634151284379353E+00
        5.0426940999807401E-01        9.2421833777070432E+00        8.7583435555145126E+00        9.8728572859778296E+00        1.0132237332472897E+01        1.0393950650237928E+01
        5.3077836635657105E-01        9.7825687418928204E+00        1.2763068430355426E+01        1.2422152329874498E+01        1.1908589027630269E+01        1.1710132186084611E+01
        4.2513726623428699E-01        1.0242643148310906E+01        1.3444347654949063E+01        1.2736659592044086E+01        1.2395653293989884E+01        1.2186358775684052E+01
       -5.1098498665248804E-01        6.6466991040358385E+00        1.3895001865138152E+01        1.3720795909694633E+01        1.3269354172546524E+01        1.2883287184296838E+01
       -1.2385421306803399E+00        6.5380554271978353E+00        1.4022560298390577E+01        1.4867859237136260E+01        1.4346522169137184E+01        1.3842771936202212E+01
       -2.4598629340857801E+00        6.0854654751319108E+00        1.1109404750558680E+01        1.3017994947433884E+01        1.3216796357741728E+01        1.3178820749310466E+01
       -4.2338397878022498E+00        5.0514989142501046E+00        1.2056434940009916E+01        1.3563750654209841E+01        1.3444347654949063E+01        1.3359805706906586E+01
       -5.3773347385879298E+00        3.8258190885527039E+00        1.1707167158583763E+01        1.3234318698771313E+01        1.3155443974030149E+01        1.3041403872193300E+01
       -5.6562896528920401E+00        6.2738447792789112E+00        8.9078683083543400E+00        1.1896751906404326E+01        1.2316114028333294E+01        1.2324954849356629E+01
       -6.3172881788784698E+00        4.3851785624866757E+00        7.6096469971300023E+00        9.4249010903107600E+00        9.9543630336261497E+00        1.0135249426028750E+01
       -6.3698178168283404E+00        3.2966087490417961E+00        7.7948208047488805E+00        9.1150023188710971E+00        9.6430763836663296E+00        1.0041832311850699E+01
       -6.6674550780780901E+00        3.6358315995493005E+00        8.0627152237151076E+00        9.3004493448242105E+00        9.7368665728273847E+00        1.0023741495905565E+01
       -4.9347268427030704E+00        5.2279875987699782E+00        8.7461275769994451E+00        1.0300775007422915E+01        1.0816657498828789E+01        1.0998978404148861E+01
       -4.9469769322764696E+00        2.6324570173280009E+00        8.4341148433750952E+00        1.0156331540944123E+01        1.0804690408313387E+01        1.1052714560918524E+01
       -4.0070286088495104E+00        4.2993255036033808E+00        8.7736114304086676E+00        1.0357892957539567E+01        1.1013908011080039E+01        1.1282260488895592E+01
       -3.0565896597976199E+00        3.8552812503750844E+00        9.3459984399439122E+00        1.1650814925989028E+01        1.2227662803413908E+01        1.2398597978099129E+01
       -2.8368680839132598E+00        3.0747526683702455E+00        9.8215047496954959E+00        1.1781266484706428E+01        1.2068253175561106E+01        1.2103699504283391E+01
       -2.9909516975180801E+00        2.4583112762691544E+00        8.4371785219341806E+00        1.0264683696014279E+01        1.0873481629677572E+01        1.1103438875363020E+01
       -1.8080518222778901E+00        4.6889902560691281E+00        7.8657132823276603E+00        9.7761717782495783E+00        1.0610024199282615E+01        1.0960150991508073E+01
       -2.1953050770005098E+00        3.2317584335784870E+00        7.1948499312584042E+00        8.9749292143608166E+00        9.8184831908730708E+00        1.0267691802862460E+01
       -1.7359639896857300E+00        3.1233989078292113E+00        6.8655036649410670E+00        8.5229234360836461E+00        9.3247447774024117E+00        9.8366111744866735E+00
       -2.1181984614597700E+00        2.7791897536735588E+00        6.9215069021473123E+00        8.1856446469832136E+00        8.8316081048567892E+00        9.3125977989483655E+00
       -1.7601367236524099E+00        2.8265523096942102E+00        6.6692449766911288E+00        7.4860070209442648E+00        7.8441426306562496E+00        8.2102124080624694E+00
       -2.2557431200410698E+00       -4.2160157010981758E-01        5.9588791411657445E+00        6.7502873101586172E+00        7.1421032228262380E+00        7.3281440194080112E+00
       -2.2936992982604401E+00        2.1035781548836932E+00        5.3761911510098948E+00        6.2505205351397111E+00        6.6973055253030767E+00        7.0520592815118590E+00
       -2.0773748797197400E+00        2.4146640790263700E+00        5.2149594324756725E+00        6.0875570718281908E+00        6.5350691238129714E+00        7.0116684217248872E+00
       -2.5076048898904402E+00        3.7435180921289057E+00        5.3888257888863933E+00        6.1565355658154726E+00        6.5225784917707319E+00        6.9463871660064500E+00
       -2.0395334429725800E+00        3.8380671414313365E+00        5.5024657518720144E+00        7.1855437100428103E+00        7.6497970972724900E+00        8.0135011105751168E+00
       -1.8706123358763300E+00        3.7731409740577817E+00        5.8677629617411853E+00        7.5509370688310460E+00        8.0873132006555384E+00        8.5045557142417678E+00
       -1.4123817962340599E+00        3.4418257041649283E+00        5.6978768074984760E+00        7.6806708239765280E+00        8.2746740786240007E+00        8.7308555050077601E+00
       -1.2730232170165401E+00        3.1466913230182589E+00        5.5655433078158989E+00        7.1017487235280186E+00        7.6096469971300023E+00        8.0811642736413649E+00
       -6.3843164581544398E-01        4.3974072615335835E+00        6.0248080345356927E+00        7.5787513315460933E+00        8.0842387844100809E+00        8.5351667099503654E+00
       -3.0480226982274400E-01        4.8968132742476937E+00        6.7752102050818523E+00        8.1180521656092424E+00        8.4004081829263342E+00        8.7094706850933736E+00
       -1.7638435115384299E-01        4.0195874913933327E+00        7.4426968887900662E+00        8.3452273108946429E+00        8.4310510709518720E+00        8.5780063678882765E+00
       -2.2312044959563002E-02        4.5687867911744258E+00        8.1948582647167321E+00        8.9932107500607241E+00        8.9017696317652693E+00        8.8071925520284289E+00
       -3.9919828553490799E-01        5.3564515331268954E+00        8.0750149685109065E+00        8.5810656413110777E+00        8.4647474060284740E+00        8.4096020353102059E+00
       -9.2585772468009997E-01        2.3497924300559294E+00        7.5509370688310460E+00        7.7701507663852034E+00        7.7238780340802222E+00        7.7948208047488805E+00
       -1.0736612292939800E+00        3.1377836994221724E+00        7.3746001888484320E+00        7.5602093493550804E+00        7.5509370688310460E+00        7.6096469971300023E+00
       -8.7144147591072896E-01        5.7536345546627006E+00        7.4736346114017085E+00        8.0319592414341425E+00        8.0473384149876868E+00        8.0873132006555384E+00
       -8.9435318965661303E-01        3.6164647414409612E+00        7.4612606709045739E+00        8.2224940255669487E+00        8.2930840691641681E+00        8.3206927016385652E+00
       -1.1051053483848801E+00        5.0501970502510058E+00        7.2103583756374334E+00        7.7886538657071194E+00        8.0903875223835495E+00        8.3452273108946429E+00
       -2.0697425929294000E+00        5.2538739282730917E+00        6.7565186162423876E+00        7.3219482325410983E+00        7.7207924238234096E+00        8.0627152237151076E+00
       -2.8706251415412698E+00        2.0959450705134723E+00        5.8489009686013294E+00        6.7970126439267213E+00        7.3684072797273963E+00        7.7115350217523986E+00
       -3.1192635445917198E+00        2.1831597699853775E+00        5.4109325647032041E+00        6.6692449766911288E+00        7.4921926517259347E+00        7.8164020969354295E+00
       -2.8250154064833199E+00        2.7077308578388060E+00        5.2371046737120306E+00        6.3068691466982925E+00        7.2258644152709248E+00        7.6405331202405291E+00
       -2.9263425906677898E+00        2.8891509781588240E+00        4.4399587296684517E+00        5.3540766928029759E+00        6.3538020803987738E+00        7.0893286775578854E+00
       -2.8056786837939902E+00        2.5019863781343790E+00        3.8194545797969153E+00        5.1516602785707430E+00        6.3819512712954110E+00        7.0489528714344152E+00
       -2.4701633988798899E+00        2.6536378800689979E+00        3.6139046615873136E+00        5.0756483663785614E+00        6.4382258929268215E+00        7.1172716120582997E+00
       -2.4023903586569300E+00        2.5412403306554099E+00        3.0367536616396156E+00        4.0629976085895585E+00        5.4551314604503602E+00        6.4069661239945601E+00
       -1.8122119715270599E+00        2.7786100499857782E+00        3.0238183060609947E+00        4.3474473585279387E+00        5.7388017108730187E+00        6.5257012960492276E+00
       -1.4414672594759801E+00        2.3730924121473249E+00        2.9170377299779924E+00        4.0629976085895585E+00        5.3382776565113259E+00        6.0906934903521357E+00
       -1.0967782490396301E+00        2.6791872928780287E+00        2.9235125268335027E+00        3.9156608534521604E+00        5.0534673374047534E+00        5.8174564051072233E+00
       -1.1753859971216800E+00        1.7356628473704765E+00        2.9591164177438256E+00        3.8964270018140885E+00        4.8313860278550722E+00        5.4646001113324942E+00
       -9.8543083116430796E-01        2.2987241270420000E+00        3.0141156911986808E+00        3.9989648216158411E+00        4.8536163660065457E+00        5.4551314604503602E+00
       -7.8318439314648503E-01        1.4314576318531951E+00        3.1918475568273359E+00        4.4367701066750005E+00        5.3319573430216742E+00        5.8897641247485417E+00
       -9.5225428812114002E-02        2.2260907115337689E+00        3.9092499806096281E+00        5.6537850960257892E+00        6.4538521137571161E+00        6.8437161553228476E+00
       -3.9105718400037001E-02        2.8602215849997243E+00        4.3793574998415314E+00        6.0467746767089690E+00        6.7253582021799634E+00        7.0769070888207164E+00
       -4.9915805759383002E-02        1.8710773714272426E+00        5.1453281588915667E+00        6.9121752070381044E+00        7.3560203108028492E+00        7.5447550708073168E+00
       -5.1284223599623001E-02        1.9521701746281039E+00        5.5781540458760537E+00        6.8903978647211064E+00        7.1327920913618534E+00        7.2165610800185300E+00
       -2.3273093711293300E-01        2.3222857140724704E+00        5.4456619129298307E+00        5.9714403772079052E+00        6.2035390919452693E+00        6.4100925406523634E+00
       -5.6227306513710595E-01        1.6259505926911670E+00        5.2276144565371068E+00        5.6915791817013197E+00        5.9054762781314807E+00        6.1314579819092474E+00
       -6.0339424857693302E-01        1.7577083849795041E+00        5.1263293937541512E+00        5.3540766928029759E+00        5.5308555758880633E+00        5.7262112166794914E+00
       -8.7616450843779603E-01        2.2179673098633033E+00        4.8123275181728173E+00        5.1326627165340630E+00        5.4204054013512186E+00        5.7419490867486420E+00
       -7.2495214764262506E-01        2.6705700109622934E+00        4.8980622221621886E+00        5.9400343281447467E+00        6.2880898039200996E+00        6.5038396179222149E+00
       -6.3402785506491499E-01        1.7015964468718250E+00        4.9710375565659293E+00        5.9934187443037068E+00        6.3381602164823621E+00        6.5600457083948873E+00
       -3.3344284867462198E-01        2.7119115661154538E+00        4.8567917252193231E+00        5.6348826953646318E+00        5.9243276040638921E+00        6.1502667593941620E+00
       -5.9188858891013796E-01        1.7636974469780167E+00        4.9361429537724089E+00        5.8677629617411853E+00        6.1628039792820761E+00        6.3569301596019940E+00
       -2.2913983451678599E-01        9.9974520929133770E-01        4.9234509877698427E+00        6.0844205549299497E+00        6.3631860244773524E+00        6.4819731594204084E+00
       -4.5793754749820398E-01        1.0561522276386162E+00        4.9234509877698427E+00        5.7356542359345291E+00        5.9494571785639669E+00        6.0561874749839619E+00
       -4.0717671684183199E-01        1.2509031123134962E+00        4.9646939889413719E+00        5.5750015104491766E+00        5.6695343676545296E+00        5.7388017108730187E+00
       -4.3137053789507701E-01        3.2023056617892232E-02        4.9297971721286267E+00        5.3035109879141666E+00        5.3603956084791484E+00        5.4361914686010735E+00
       -3.7886435005282199E-01        7.1984182911222561E-01        4.8567917252193231E+00        5.4077747530664064E+00        5.4361914686010735E+00        5.4456619129298307E+00
       -1.4779713839652700E-01        1.2393544532277709E+00        4.7106207427271576E+00        5.0059199872736855E+00        4.9900658453459084E+00        5.0724799491611172E+00
       -1.4143614443697000E-02        1.0501756324034479E+00        4.1653648600112181E+00        4.2867900227175868E+00        4.2963699432115723E+00        4.5642357878701034E+00
        9.4168600486341000E-02        1.0474256785170308E+00        4.3123344382086790E+00        4.7360571359837573E+00        4.7678435316741474E+00        4.8631421411737019E+00
        1.1142569960418300E-01        2.1812488193367905E+00        4.3570214701374788E+00        5.1484942688508291E+00        5.3003497822300565E+00        5.3919841989430335E+00
        6.3175585717885993E-02        2.1119290235560197E+00        4.5451262903917353E+00        5.4772235846979482E+00        5.6128253777601200E+00        5.7167673056341153E+00
        3.7890507281520103E-01        2.3555229882011921E+00        4.9202777445563504E+00        5.7702710128289159E+00        5.8866213978041131E+00        5.9588791411657445E+00
        5.6381893955744999E-01        3.3271647845240824E+00        5.3730322420967713E+00        6.3225159055041322E+00        6.3788239746867088E+00        6.2786988098764791E+00
        2.3667219422145500E-01        1.7892290658892955E+00        5.5560842105220321E+00        6.3569301596019940E+00        6.2192020256447647E+00        5.9934187443037068E+00
        2.8138612677025798E-01        2.4650396370662451E+00        5.8426128468612211E+00        6.0310847104102105E+00        5.8803356475977582E+00        5.7262112166794914E+00
        1.1064220941091200E-01        2.2015652075986263E+00        5.8426128468612211E+00        5.5560842105220321E+00        5.4014588306238354E+00        5.4172478888393130E+00
       -1.4143042134867301E-01        2.7035495280606132E+00        4.7042606333311330E+00        4.4845887791835137E+00        4.6851778777233255E+00        4.9266241302918043E+00
       -5.7655154453766500E-01        1.8691388003880440E+00        3.5946126773469089E+00        4.1045969436001020E+00        4.7201601484294162E+00        5.1358292275142041E+00
       -1.1152580098672600E+00        2.3553437540423783E-01        3.1207927124193220E+00        3.5753169705817842E+00        4.3857383063776414E+00        4.8599669836062409E+00
       -9.8080949334450895E-01        2.5041632530597779E-01        1.8887175718482179E+00        2.8328271986857603E+00        4.0085723539285576E+00        4.6597285376782258E+00
       -1.1600385642601601E+00        7.4531231507381279E-01        1.7053754565827621E+00        3.1530966279347665E+00        4.3634037020061278E+00        4.9520056463391002E+00
       -5.9506289649425503E-01        3.0368801439130411E+00        1.6988213028854906E+00        3.1724739694241522E+00        4.3474473585279387E+00        4.9742091894814013E+00
       -5.2238306865365303E-01        1.9493408854986298E+00        1.6299767413452639E+00        2.2054990780831312E+00        3.2918846757109694E+00        4.1717593351868469E+00
       -7.0175986468336804E-01        1.8465548442775945E+00        1.3245226750020722E+00        1.8723613998102511E+00        2.9655884907510677E+00        3.9284813662902325E+00
       -9.2841006177513896E-01        2.8100523122417895E+00        1.1500284170206889E+00        1.6332561287559892E+00        2.8684633859908861E+00        3.8451186374252635E+00
       -8.3014102311051396E-01        1.0243340360471891E-01        1.0346292054144268E+00        1.4132990465912578E+00        2.5407803934532911E+00        3.5560175398550879E+00
       -1.1885715775360900E-01        2.4651068374468217E+00        9.2570212626768478E-01        1.6660440893107169E+00        3.0917102634721609E+00        4.1461789807594540E+00
        4.2714626644340098E-01        1.8328801346420391E+00        9.1249077770006737E-01        1.8461859587682199E+00        3.1983045853050744E+00        4.1973331477423113E+00
        1.0703735318817300E+00        3.3059230765388135E+00        9.1249077770006737E-01        1.6791562639836684E+00        2.9494075227702621E+00        3.9413002356835056E+00
        1.3276349364642801E+00        2.7326321918283680E+00        1.0709118808351301E+00        2.4237224364045424E+00        3.6556911972879966E+00        4.4973365642731196E+00
        1.2063106548454201E+00        2.0101021275702800E+00        1.4757240974906878E+00        2.5277807184268606E+00        3.4465836881278444E+00        4.2133134600316184E+00
        1.5906994363527900E+00        3.4044762448653683E+00        1.9867984637466345E+00        2.7744860308558836E+00        3.4337012404449738E+00        4.0885992472342574E+00
        2.0756011699440902E+00        2.2723083363623493E+00        2.5050272199783254E+00        3.3853772756509173E+00        3.8098288598658483E+00        4.2069216415570878E+00
        1.8560792469976399E+00        2.3938945975927188E+00        2.8231060340825871E+00        3.5785331802789333E+00        3.8002022133007434E+00        4.0757992472167821E+00
        1.6324899652768201E+00        4.2503079370004304E+00        3.3047854046200422E+00        3.8771894500538417E+00        3.9573215119726397E+00        4.1269894198216885E+00
        1.8416816416112201E+00        3.1105812068942185E+00        3.7552656052584279E+00        4.2708214488369860E+00        4.2963699432115723E+00        4.3921187057928091E+00
        1.8735406074245000E+00        2.0241488233639178E+00        4.2995630461095846E+00        4.4973365642731196E+00        4.4463356706520232E+00        4.4686517622406097E+00
        2.0608976004984898E+00        3.2013156425229963E+00        4.5960768376201093E+00        4.8726670090233606E+00        4.8694921538758607E+00        4.9456608712592489E+00
        1.4914347563076300E+00        2.8728169129443679E+00        4.7900879984547808E+00        4.8123275181728173E+00        4.7296986442158628E+00        4.7805552614398898E+00
        9.5336751913009699E-01       -6.7830662765470762E-01        4.7869105204188305E+00        4.6279077520727210E+00        4.4973365642731196E+00        4.5260131404864579E+00
        1.1227644774656900E+00        3.7652043631199019E+00        4.8631421411737019E+00        4.6565469147320933E+00        4.5419410190859839E+00        4.5737891673853701E+00
        2.8367749780375101E-01        3.2300707070841024E+00        4.6279077520727432E+00        4.6947197107166803E+00        4.6533651905554940E+00        4.7328779406378318E+00
        8.9460378730792003E-02        2.2495573317848283E+00        4.2133134600316184E+00        4.2867900227175868E+00        4.4048782834680980E+00        4.6215423796962893E+00
        1.1774455445731700E-01        3.9086985723188499E+00        3.3338059610510409E+00        3.4175958467138141E+00        3.7167324341439225E+00        4.1717593351868469E+00
       -5.6789344949947895E-01        3.3397725787433172E+00        2.0227373679968865E+00        2.0031359304953833E+00        2.7096225661701165E+00        3.5978282665235124E+00
       -1.1802673593942901E+00        4.0934595963761433E+00        1.6135781909403699E+00        2.3944365243458279E+00        3.1110995025052728E+00        3.8130375361267315E+00
       -1.6244168869585600E+00        4.1233780238920064E+00        1.4822928891638212E+00        2.3293259969292142E+00        3.0593865084633554E+00        3.7905746399231757E+00
       -2.9306575384509901E+00       -6.0497604847102524E+00        2.9622747951129513E-01        1.2060314492366395E+00        2.1565777914560584E+00        3.2015329432011108E+00
       -3.3855799541499900E+00       -2.4028718509383431E+00        0.0000000000000000E+00        9.0258112073122865E-01        1.7479669880645194E+00        2.6998894166774798E+00
       -2.8932087692959398E+00        1.7928327520586960E+00        0.0000000000000000E+00        1.0082335341512358E+00        2.2087596464004773E+00        3.2596255702987742E+00
       -2.9598716589800902E+00        2.7527191650192906E+00        0.0000000000000000E+00        1.0280309407556381E+00        2.4367356448294375E+00        3.4562444349110830E+00
       -2.1435649052307300E+00        3.0832738059293106E+00        0.0000000000000000E+00        8.6954183672235741E-01        2.2739486969489340E+00        3.4014878587277622E+00
       -2.2558378674855200E+00        1.3650815233339693E+00        0.0000000000000000E+00        9.1249077770006737E-01        2.3944365243458279E+00        3.6492636359025736E+00
       -2.1220923729033498E+00        4.5259777063154799E-01        0.0000000000000000E+00        8.6623730786525877E-01        2.2283208240457397E+00        3.4304803691990235E+00
       -1.9641718121089300E+00        7.0302465082628807E-01        0.0000000000000000E+00        5.3854722763378882E-01        1.5348276946799504E+00        2.7485456934860419E+00
       -1.5757539097860400E+00        2.4135003739900833E+00        0.0000000000000000E+00        4.8216902792134247E-01        1.4757240974906878E+00        2.8231060340825871E+00
       -1.2087487803906900E+00        3.4798839532102352E+00        0.0000000000000000E+00        6.9094083009347107E-01        2.0978406385191812E+00        3.4014878587277622E+00
       -7.9075837810762595E-01        3.9233886508608795E+00        0.0000000000000000E+00        5.6506715088143911E-01        1.8461859587682199E+00        3.1595561589750583E+00
       -7.1219429474558604E-01        1.9331475122273098E+00        0.0000000000000000E+00        2.8293270101596069E-01        1.1467331440894104E+00        2.3976909381448293E+00
       -5.4079511898646604E-01        1.3658737680694315E+00        0.0000000000000000E+00        2.6298721860159180E-01        9.4881778723084409E-01        2.0260039007360011E+00
        2.8615878286984803E-01        2.7339091698334652E+00        0.0000000000000000E+00        2.8625656134765520E-01        8.9267048165207508E-01        2.0162039823941451E+00
        2.0908480240518701E-01        9.5527705276573627E-01        0.0000000000000000E+00        2.8958031120254679E-01        7.8358857677749172E-01        1.8069099460877653E+00
        7.7766303659359007E-02        1.1449281728742826E+00        0.0000000000000000E+00        2.5966258472659143E-01        6.6445427186685113E-01        1.6299767413452639E+00
        2.5862693019996602E-01        2.2403215734601249E+00        0.0000000000000000E+00        2.6963615477425329E-01        6.9094083009347107E-01        1.6922667195907775E+00
        2.9299085902039201E-01        1.4205941342586987E+00        0.0000000000000000E+00        2.6631174194836282E-01        8.2326849264763335E-01        1.9312311032372884E+00
        2.5937626649897499E-01        2.9697238036230422E-01        0.0000000000000000E+00        2.6963615477425329E-01        9.1249077770006737E-01        1.9769947023623353E+00
        5.9380301279600201E-01        1.6156211631610438E+00        0.0000000000000000E+00        3.6599608314871268E-01        1.4954291781810680E+00        2.6739297189621514E+00
        9.7764063932857004E-01        1.6287532462614374E+00        0.0000000000000000E+00        3.2613427023715580E-01        1.4297304700824394E+00        2.7096225661701165E+00
        7.3663049536548897E-01        1.8840522295196536E+00        0.0000000000000000E+00        3.7263817408137873E-01        1.5906157017056541E+00        2.7258423770826798E+00
        1.1774969163940301E+00        1.9724444045380169E+00        0.0000000000000000E+00        4.1912046184680524E-01        1.6430936457746281E+00        2.5895141295337032E+00
        1.4272587256333500E+00        1.1997504662758796E+00        0.0000000000000000E+00        5.1533652407948227E-01        1.6857117066422806E+00        2.4660091736370924E+00
        1.4335479026527800E+00       -4.1504040185149688E-01        0.0000000000000000E+00        5.3854722763378882E-01        1.5906157017056541E+00        2.2543964434894437E+00
        1.4643279920815100E+00       -1.7931057803817083E+00        0.0000000000000000E+00        6.0152056547874544E-01        1.4428736652120895E+00        1.9475776500656767E+00
        2.1736942272625601E+00        1.9444320697938535E+00        0.0000000000000000E+00        6.1146009998539508E-01        1.5118471131701083E+00        2.1435280720065086E+00
        2.2619066464100102E+00        1.1969504150047272E+00        0.0000000000000000E+00        6.9094083009347107E-01        1.5413926052354012E+00        2.1957167352042140E+00
        2.1090263524118900E+00       -1.8182961524399902E-01        0.0000000000000000E+00        8.2988028146950643E-01        1.5742106948607866E+00        2.1663639636026355E+00
        2.4185965332271699E+00        2.2437354914765723E-01        2.8625656134765520E-01        8.3318601195360076E-01        1.3639885704034875E+00        1.9018005835761951E+00
        2.6986628806596400E+00        2.3445098547374141E+00        2.5633784031601203E-01        7.7035843850325048E-01        1.2356674209371543E+00        1.7381397830774945E+00
        2.7096248977704800E+00        1.7226109367821323E+00        2.9622747951129513E-01        7.2403916554939152E-01        1.1203670507325327E+00        1.5512391630508555E+00
        2.4475641204851399E+00        1.9248249331154184E+00        4.2907814171562458E-01        1.0016335275488342E+00        1.5971769509698666E+00        2.1076325601916310E+00
        2.3617285776579102E+00        2.0482951127075100E+00        5.8826631581555122E-01        1.2323749688831902E+00        1.9246917362456835E+00        2.4139614186480092E+00
        2.0834217892899001E+00        7.8385733893197451E-01        8.8606284321964668E-01        1.2850411978819694E+00        1.7938145131012999E+00        2.2380999781567024E+00
        2.0905651136002898E+00        1.5894985780005060E+00        1.0313301275064028E+00        1.3541235566666776E+00        1.8003624439574890E+00        2.2185407135226964E+00
        2.3491098649769802E+00        2.6926013170333070E+00        1.1994444848368013E+00        1.6824340390302599E+00        2.0488666427315603E+00        2.3423514943588111E+00
        2.3734227725086599E+00        2.4291459329068887E+00        1.5479570848386375E+00        2.1402653760405430E+00        2.5050272199783254E+00        2.7225986253591525E+00
        2.4253262748493398E+00        1.9594057067541539E+00        1.8232768261059684E+00        2.4432416140584974E+00        2.7290860235903676E+00        2.8781801425451947E+00
        2.2895533494836400E+00        1.5591680788987132E+00        2.0194707285519256E+00        2.6382241274118350E+00        2.7744860308558836E+00        2.8846574557579610E+00
        2.2112566370160498E+00        1.4539246624557498E+00        2.2902393217304184E+00        2.7615167032973389E+00        2.8360673768958446E+00        2.9882374481869554E+00
