        7.1587600000000000E+05
        7.1596700000000000E+05
        7.1605800000000000E+05
        7.1615000000000000E+05
        7.1624200000000000E+05
        7.1633200000000000E+05
        7.1642300000000000E+05
        7.1651500000000000E+05
        7.1660700000000000E+05
        7.1669700000000000E+05
        7.1678800000000000E+05
        7.1688000000000000E+05
        7.1697200000000000E+05
        7.1706200000000000E+05
        7.1715300000000000E+05
        7.1724500000000000E+05
        7.1733700000000000E+05
        7.1742800000000000E+05
        7.1751900000000000E+05
        7.1761100000000000E+05
        7.1770300000000000E+05
        7.1779300000000000E+05
        7.1788400000000000E+05
        7.1797600000000000E+05
        7.1806800000000000E+05
        7.1815800000000000E+05
        7.1824900000000000E+05
        7.1834100000000000E+05
        7.1843300000000000E+05
        7.1852300000000000E+05
        7.1861400000000000E+05
        7.1870600000000000E+05
        7.1879800000000000E+05
        7.1888900000000000E+05
        7.1898000000000000E+05
        7.1907200000000000E+05
        7.1916400000000000E+05
        7.1925400000000000E+05
        7.1934500000000000E+05
        7.1943700000000000E+05
        7.1952900000000000E+05
        7.1961900000000000E+05
        7.1971000000000000E+05
        7.1980200000000000E+05
        7.1989400000000000E+05
        7.1998400000000000E+05
        7.2007500000000000E+05
        7.2016700000000000E+05
        7.2025900000000000E+05
        7.2035000000000000E+05
        7.2044100000000000E+05
        7.2053300000000000E+05
        7.2062500000000000E+05
        7.2071500000000000E+05
        7.2080600000000000E+05
        7.2089800000000000E+05
        7.2099000000000000E+05
        7.2108000000000000E+05
        7.2117100000000000E+05
        7.2126300000000000E+05
        7.2135500000000000E+05
        7.2144500000000000E+05
        7.2153600000000000E+05
        7.2162800000000000E+05
        7.2172000000000000E+05
        7.2181100000000000E+05
        7.2190200000000000E+05
        7.2199400000000000E+05
        7.2208600000000000E+05
        7.2217600000000000E+05
        7.2226700000000000E+05
        7.2235900000000000E+05
        7.2245100000000000E+05
        7.2254100000000000E+05
        7.2263200000000000E+05
        7.2272400000000000E+05
        7.2281600000000000E+05
        7.2290600000000000E+05
        7.2299700000000000E+05
        7.2308900000000000E+05
        7.2318100000000000E+05
        7.2327200000000000E+05
        7.2336300000000000E+05
        7.2345500000000000E+05
        7.2354700000000000E+05
        7.2363700000000000E+05
        7.2372800000000000E+05
        7.2382000000000000E+05
        7.2391200000000000E+05
        7.2400200000000000E+05
        7.2409300000000000E+05
        7.2418500000000000E+05
        7.2427700000000000E+05
        7.2436700000000000E+05
        7.2445800000000000E+05
        7.2455000000000000E+05
        7.2464200000000000E+05
        7.2473300000000000E+05
        7.2482400000000000E+05
        7.2491600000000000E+05
        7.2500800000000000E+05
        7.2509800000000000E+05
        7.2518900000000000E+05
        7.2528100000000000E+05
        7.2537300000000000E+05
        7.2546300000000000E+05
        7.2555400000000000E+05
        7.2564600000000000E+05
        7.2573800000000000E+05
        7.2582800000000000E+05
        7.2591900000000000E+05
        7.2601100000000000E+05
        7.2610300000000000E+05
        7.2619400000000000E+05
        7.2628500000000000E+05
        7.2637700000000000E+05
        7.2646900000000000E+05
        7.2655900000000000E+05
        7.2665000000000000E+05
        7.2674200000000000E+05
        7.2683400000000000E+05
        7.2692400000000000E+05
        7.2701500000000000E+05
        7.2710700000000000E+05
        7.2719900000000000E+05
        7.2728900000000000E+05
        7.2738000000000000E+05
        7.2747200000000000E+05
        7.2756400000000000E+05
        7.2765500000000000E+05
        7.2774600000000000E+05
        7.2783800000000000E+05
        7.2793000000000000E+05
        7.2802000000000000E+05
        7.2811100000000000E+05
        7.2820300000000000E+05
        7.2829500000000000E+05
        7.2838500000000000E+05
        7.2847600000000000E+05
        7.2856800000000000E+05
        7.2866000000000000E+05
        7.2875000000000000E+05
        7.2884100000000000E+05
        7.2893300000000000E+05
        7.2902500000000000E+05
        7.2911600000000000E+05
        7.2920700000000000E+05
        7.2929900000000000E+05
        7.2939100000000000E+05
        7.2948100000000000E+05
        7.2957200000000000E+05
        7.2966400000000000E+05
        7.2975600000000000E+05
        7.2984600000000000E+05
        7.2993700000000000E+05
        7.3002900000000000E+05
        7.3012100000000000E+05
        7.3021100000000000E+05
        7.3030200000000000E+05
        7.3039400000000000E+05
        7.3048600000000000E+05
        7.3057700000000000E+05
        7.3066800000000000E+05
        7.3076000000000000E+05
        7.3085200000000000E+05
        7.3094200000000000E+05
        7.3103300000000000E+05
        7.3112500000000000E+05
        7.3121700000000000E+05
        7.3130700000000000E+05
        7.3139800000000000E+05
        7.3149000000000000E+05
        7.3158200000000000E+05
        7.3167200000000000E+05
        7.3176300000000000E+05
        7.3185500000000000E+05
        7.3194700000000000E+05
        7.3203800000000000E+05
        7.3212900000000000E+05
        7.3222100000000000E+05
        7.3231300000000000E+05
        7.3240300000000000E+05
        7.3249400000000000E+05
        7.3258600000000000E+05
        7.3267800000000000E+05
        7.3276800000000000E+05
        7.3285900000000000E+05
        7.3295100000000000E+05
        7.3304300000000000E+05
        7.3313300000000000E+05
        7.3322400000000000E+05
        7.3331600000000000E+05
        7.3340800000000000E+05
        7.3349900000000000E+05
        7.3359000000000000E+05
        7.3368200000000000E+05
        7.3377400000000000E+05
        7.3386400000000000E+05
        7.3395500000000000E+05
        7.3404700000000000E+05
        7.3413900000000000E+05
        7.3422900000000000E+05
        7.3432000000000000E+05
        7.3441200000000000E+05
        7.3450400000000000E+05
        7.3459400000000000E+05
        7.3468500000000000E+05
        7.3477700000000000E+05
        7.3486900000000000E+05
        7.3496000000000000E+05
        7.3505100000000000E+05
        7.3514300000000000E+05
        7.3523500000000000E+05
        7.3532500000000000E+05
        7.3541600000000000E+05
        7.3550800000000000E+05
        7.3560000000000000E+05
        7.3569000000000000E+05
        7.3578100000000000E+05
        7.3587300000000000E+05
        7.3596500000000000E+05
        7.3605500000000000E+05
        7.3614600000000000E+05
        7.3623800000000000E+05
        7.3633000000000000E+05
        7.3642100000000000E+05
        7.3651200000000000E+05
        7.3660400000000000E+05
        7.3669600000000000E+05
        7.3678600000000000E+05
        7.3687700000000000E+05
        7.3696900000000000E+05
        7.3706100000000000E+05
        7.3715100000000000E+05
        7.3724200000000000E+05
        7.3733400000000000E+05
